Sentiment_Score,Prob_Negative,Prob_Neutral,Prob_Positive,Overall_QB_Average,QB Name,Subset Label
0.35610843344869886,0.22886273944386684,0.18616608766356746,0.5849711728925657,0.1986096022953512,Bo Nix,In-Season
0.10048710071976616,0.29529216738303343,0.30892856451416695,0.3957792681027996,0.1986096022953512,Bo Nix,Offense
0.13923327271758867,0.31226083304867147,0.2362450611850683,0.4514941057662602,0.1986096022953512,Bo Nix,Player
0.27636571360906104,0.25449562398459025,0.21464303842175844,0.5308613375936513,0.16913350232213528,Bryce Young,In-Season
0.16372605365947274,0.2907386920696518,0.2547965622012237,0.45446474572912454,0.16913350232213528,Bryce Young,Offense
0.06730873969787207,0.338942483194043,0.2548062939140418,0.4062512228919151,0.16913350232213528,Bryce Young,Player
0.02562028949829981,0.4164613362729708,0.14145703795575865,0.4420816257712706,0.1615790582903851,CJ Stroud,In-Season
0.21771913677528545,0.23668413163270516,0.3089125999593042,0.4544032684079906,0.1615790582903851,CJ Stroud,Offense
0.24139774859757007,0.2952476795976574,0.16810689220711503,0.5366454281952275,0.1615790582903851,CJ Stroud,Player
0.0950937256138132,0.2965506716112646,0.3118049311636576,0.39164439722507777,0.1907912085604262,Geno Smith,In-Season
0.2571694656890887,0.23915399746614346,0.26452253937862436,0.49632346315523224,0.1907912085604262,Geno Smith,Offense
0.22011043437837668,0.2986591939970555,0.18257117762751235,0.5187696283754322,0.1907912085604262,Geno Smith,Player
0.42390850972216904,0.21634154751404386,0.14340839524974322,0.6402500572362129,0.45151560292408277,Jalen Hurts,In-Season
0.3631722776881386,0.23293825509429852,0.1709512121232643,0.5961105327824371,0.45151560292408277,Jalen Hurts,Offense
0.5674660213619406,0.14709300078370216,0.13834797707065513,0.7145590221456428,0.45151560292408277,Jalen Hurts,Player
0.43625180682494535,0.20555915791387744,0.15262987734729971,0.6418109647388228,0.3989427498273586,Jared Goff,In-Season
0.3444620818948335,0.1721374377836706,0.3112630425378252,0.5165995196785041,0.3989427498273586,Jared Goff,Offense
0.41611436076229713,0.17701326424421476,0.22985911074927334,0.593127625006512,0.3989427498273586,Jared Goff,Player
0.315421486486822,0.2682793663762522,0.14801978076067357,0.5837008528630742,0.330859261083086,Justin Herbert,In-Season
0.3341551126856449,0.22193729395955025,0.22197029939525476,0.5560924066451951,0.330859261083086,Justin Herbert,Offense
0.34300118407679103,0.23455373682364805,0.18789134227591278,0.5775549209004391,0.330859261083086,Justin Herbert,Player
-0.007019048336823974,0.3604298479666723,0.28615935240347934,0.35341079962984834,0.1658664273494996,Lamar Jackson,In-Season
0.21471931655009618,0.29096884829727204,0.20334298685535973,0.5056881648473682,0.1658664273494996,Lamar Jackson,Offense
0.2898990138352266,0.24457094221829231,0.22095910172818875,0.5344699560535189,0.1658664273494996,Lamar Jackson,Player
0.16744274347276164,0.25276175035882725,0.3270337558095838,0.420204493831589,0.03885564947287222,Matthew Stafford,In-Season
-0.03700120671397582,0.3874466411004307,0.2621079245131143,0.3504454343864549,0.03885564947287222,Matthew Stafford,Offense
-0.013874588340169164,0.34930758401306133,0.3152594203140466,0.3354329956728922,0.03885564947287222,Matthew Stafford,Player
0.023852660680751668,0.3810283118810187,0.214090715557211,0.4048809725617703,0.1799400152970807,Patrick Mahomes,In-Season
0.30938914588077226,0.1857601477757429,0.31909055856774193,0.49514929365651517,0.1799400152970807,Patrick Mahomes,Offense
0.20657823932971825,0.2521408950911466,0.28913997048798856,0.4587191344208648,0.1799400152970807,Patrick Mahomes,Player
